29822
13357
58815
24212
11674
58784
38091
35424
6354
23888
1498
49586
61149
57161
43541
31955
35590
17144
3590
38848
23966
33122
56705
46475
8213
13428
57533
45868
30595
25650
49811
12921
50245
12480
38649
198
57025
12106
60465
38345
12013
39922
82
8446
56408
6431
1642
40664
12758
62458
53816
53672
64007
39780
22788
46355
65064
59047
38270
20846
37937
21840
32623
28891
60527
11717
1290
49851
43294
43070
49927
47236
26455
1789
42474
26366
44625
50388
30543
30308
43210
4450
63729
51781
26894
16559
7484
57849
55305
21122
7801
51208
50088
23200
6653
62393
12199
18071
40805
33424
1043
45297
37718
43490
26449
48756
36833
12258
48326
38543
3927
57021
64351
24004
40888
5915
11755
14620
34016
27122
28345
24669
24155
15015
40335
51702
740
59662
26041
9859
44236
64212
34588
31958
24488
19533
53778
48923
24221
44948
47501
48558
41956
62945
41401
20245
44909
7824
26466
26983
